Average_path_length_on_part_1 Trial Length F1-24 I-hpc 29 27
1 5.36653
2 5.12017
3 5.14091
4 4.91878
5 4.83708
6 4.29655
7 4.4
8 4.17593
9 4.54348
10 4.0641
11 4.30882
12 4.17544
13 4.22222
14 4.25
15 4.46341
16 4.16129
17 4.08333
18 4.05
19 4
20 4.58333
21 4.375
22 4
23 4
24 4.5
25 6
26 4
27 4
28 4
29 4
1 6.18269
2 5.62366
3 6.17647
4 5.80263
5 5.31667
6 4.47273
7 4.52174
8 4.44737
9 4.57143
10 4.66667
11 4.04
12 4
13 4
14 4.05263
15 4.8125
16 5.41667
17 4
18 4
19 5
20 4
21 5.33333
22 4
23 -nan
24 16
25 13
26 4
27 4
Average_path_length_on_part_2 Trial Length F1-24 I-hpc 29 27
1 8.45263
2 9.30387
3 7.40323
4 7.26543
5 7.75177
6 6.94958
7 6.03191
8 6.09524
9 5.51515
10 5.62903
11 5.28
12 5
13 5.18421
14 5.52941
15 4.67742
16 4.88
17 5.26316
18 4.78571
19 4.63636
20 5
21 4.83333
22 4
23 4
24 5.5
25 4
26 4
27 4
28 4
29 4
1 9.75269
2 11.3095
3 9.36486
4 8.90164
5 8.2
6 8.06383
7 7.41463
8 8.58065
9 8.34483
10 7.10526
11 7.09524
12 6.38889
13 6.53333
14 6.91667
15 5.58333
16 6.1
17 5.33333
18 5.8
19 5.33333
20 4
21 7
22 -nan
23 -nan
24 -nan
25 -nan
26 -nan
27 7
Average_path_length_on_part_3 Trial Length F1-24 I-hpc 29 27
1 32.3947
2 25.3757
3 24.828
4 23.5185
5 22.5745
6 20.2605
7 19.4468
8 17.7381
9 17.4394
10 16.1935
11 15.16
12 13.4
13 13.0263
14 14
15 12.5161
16 13.12
17 13.3684
18 12.5714
19 11
20 11.1818
21 8.33333
22 13
23 5
24 10.5
25 14
26 7.5
27 13.5
28 18
29 9
1 27.3441
2 36.5595
3 33.1892
4 24.377
5 31.2
6 24.8936
7 25.0732
8 20.9032
9 19.5172
10 16.6842
11 17.6667
12 17.4444
13 13.7333
14 23.4167
15 15
16 17
17 18.6667
18 9.8
19 27.6667
20 24
21 20
22 -nan
23 -nan
24 -nan
25 -nan
26 -nan
27 9
Median_path_length_on_part_1 Trial Length F1-24 I-hpc 29 27
1 4
2 4
3 4
4 4
5 4
6 4
7 4
8 4
9 4
10 4
11 4
12 4
13 4
14 4
15 4
16 4
17 4
18 4
19 4
20 4
21 4
22 4
23 4
24 5
25 8
26 4
27 4
28 4
29 4
1 4
2 4
3 4
4 4
5 4
6 4
7 4
8 4
9 4
10 4
11 4
12 4
13 4
14 4
15 4
16 4
17 4
18 4
19 4
20 4
21 4
22 4
23 0
24 16
25 13
26 4
27 4
Median_path_length_on_part_2 Trial Length F1-24 I-hpc 29 27
1 6
2 6
3 6
4 6
5 6
6 6
7 4
8 4
9 4
10 4
11 4
12 4
13 4
14 4
15 4
16 4
17 4
18 4
19 4
20 4
21 4
22 4
23 4
24 7
25 4
26 4
27 4
28 4
29 4
1 11
2 11
3 7
4 6
5 6
6 6
7 6
8 6
9 6
10 6
11 6
12 4
13 6
14 6
15 4
16 6
17 4
18 4
19 6
20 4
21 7
22 0
23 0
24 0
25 0
26 0
27 7
Median_path_length_on_part_3 Trial Length F1-24 I-hpc 29 27
1 15
2 16
3 19
4 18
5 17
6 13
7 15
8 13
9 13
10 13
11 12
12 11
13 11
14 10
15 9
16 12
17 12
18 12
19 12
20 9
21 7
22 19
23 5
24 11
25 18
26 8
27 17
28 18
29 9
1 16
2 27
3 21
4 19
5 21
6 18
7 18
8 17
9 17
10 11
11 15
12 14
13 13
14 25
15 13
16 15
17 10
18 10
19 12
20 24
21 20
22 0
23 0
24 0
25 0
26 0
27 9
