5695	F1-24	FPL	1	1	ОФЦГЯЭЖЭЯГЗУЗЦХДСШРЕШСДАХФОЫОФХЦГЦЗУЩТЩУЗЦХАКИФЦЗГЦХДСШРШСДХФМЭЯЦХКИМЯГЯМИЛКАДХЦЗУЩЖТ	0	1	0	0	0	4	0	1	2	1	0	2	0	0	1	0	0	0	3	12	8	0	0.333333333333333	0	0	0	0.333333333333333	0	0.0833333333333333	0.166666666666667	0.0833333333333333	0	0.25	0	0	0.125	0	0	0	2019-10-10 16:11:31.188+03	2019-10-10 16:11:31.188+03
5696	F1-24	FPL	1	2	ОФЦГЗУЩТЖЭЯЦФМЯГЦХАДСШР	0	1	0	0	0	1	0	0	0	0	0	1	0	0	1	0	0	0	3	12	8	0	0.333333333333333	0	0	0	0.0833333333333333	0	0	0	0	0	0.125	0	0	0.125	0	0	0	2019-10-10 16:11:32.01+03	2019-10-10 16:11:32.01+03
5697	F1-24	FPL	1	3	ОФХАХЦГЯЭМИКАДСШРШСДХФХЦЗУЩТЩУЗЦХАКЛКАКИИМЭВЭЯГЯМОЫОИЛБЛИФХДСШР	0	0	0	1	0	1	0	0	2	0	0	2	0	0	1	0	0	0	3	12	8	0	0	0	0.333333333333333	0	0.0833333333333333	0	0	0.166666666666667	0	0	0.25	0	0	0.125	0	0	0	2019-10-10 16:11:32.038+03	2019-10-10 16:11:32.038+03
5823	F1-24	FPLP	1	1	ОИКАКИОЫОИЛЕРШСДАДСШРЕЛИФЦГЗУЩТЖЭЯГЦХКИОЫОФЦЯЭЖЩУЗЦХКИОЫОИКДСШР	0	0	1	0	0	2	0	0	0	0	0	2	0	0	1	0	0	0	4	11	8	0	0	0.25	0	0	0.181818181818182	0	0	0	0	0	0.25	0	0	0.125	0	0	0	2019-10-10 16:11:36.007+03	2019-10-10 16:11:36.007+03
5824	F1-24	FPLP	1	2	ОФЦГЦЗУЩТЩУЗЦХДСШРШСДАХЦХФОЫОФХКИФЦЗУЩТ	0	1	0	0	0	2	0	0	1	1	0	1	0	0	2	0	0	0	4	11	8	0	0.25	0	0	0	0.181818181818182	0	0	0.0909090909090909	0.0909090909090909	0	0.125	0	0	0.25	0	0	0	2019-10-10 16:11:36.039+03	2019-10-10 16:11:36.039+03
5825	F1-24	FPLP	1	3	ОФХАКАХЦГЗУЗЦХДСШРЕЛИМЯГЦХАКИМЯГЯЭЖТ	0	0	0	1	0	2	0	1	1	0	0	1	0	0	0	1	0	0	4	11	8	0	0	0	0.25	0	0.181818181818182	0	0.0909090909090909	0.0909090909090909	0	0	0.125	0	0	0	0.125	0	0	2019-10-10 16:11:36.057+03	2019-10-10 16:11:36.057+03
5826	F1-24	FPLP	1	4	ОФХАКИМЯГЯЭВЖТ	0	0	0	1	0	0	0	1	0	0	0	0	0	0	0	0	0	0	4	11	8	0	0	0	0.25	0	0	0	0.0909090909090909	0	0	0	0	0	0	0	0	0	0	2019-10-10 16:11:36.073+03	2019-10-10 16:11:36.073+03
6111	F1-24	FPP	1	1	ОФЦЯЗУЩТЩУЗЦХАДКЛЕРЕЛКАДСШР	0	0	0	0	0	1	0	0	0	0	1	1	0	0	1	0	0	0	3	8	12	0	0	0	0	0	0.125	0	0	0	0	0.0833333333333333	0.0833333333333333	0	0	0.0833333333333333	0	0	0	2019-10-10 16:11:45.38+03	2019-10-10 16:11:45.38+03
6112	F1-24	FPP	1	2	ОФЦЯЭЖТЩУЗЦХАДСШРЕРШСДХФОЫОФЦЯМОЫОФЦЯМИЛЕРШСДАХЦЯЭЖТЩУЗГЦФОЫОФХАКИКАДХФОЫОФЦГЗУЩТ	0	1	0	1	0	1	0	0	1	0	0	1	0	0	1	2	1	0	3	8	12	0	0.333333333333333	0	0.333333333333333	0	0.125	0	0	0.125	0	0	0.0833333333333333	0	0	0.0833333333333333	0.166666666666667	0.0833333333333333	0	2019-10-10 16:11:45.407+03	2019-10-10 16:11:45.407+03
6113	F1-24	FPP	1	3	ОФХКАХЦГЯМФХАКЛБЕРШСДХЦГЗУЩТЩУЗГЦФОЫОМЯЗУЩТ	0	0	0	0	0	0	1	0	2	0	0	0	0	0	2	0	0	0	3	8	12	0	0	0	0	0	0	0.125	0	0.25	0	0	0	0	0	0.166666666666667	0	0	0	2019-10-10 16:11:45.441+03	2019-10-10 16:11:45.441+03
6114	F1-24	FPP	1	4	ОФХАХЦГЦХКИМЭЯЗУЩТЖЭМИЛКОЕЦОЫТОГОВРЕМЕИЛИКАДСШР	0	0	0	1	0	1	0	0	1	0	0	1	0	0	1	0	0	0	3	8	12	0	0	0	0.333333333333333	0	0.125	0	0	0.125	0	0	0.0833333333333333	0	0	0.0833333333333333	0	0	0	2019-10-10 16:11:45.475+03	2019-10-10 16:11:45.475+03
6186	F1-24	FZL	1	1	ОФЦГЯЭЯГЦХАКЛКАХЦЯМИКАХЦГЯЭМИЛЕРЕЛИМЯЦХДСШРШСДХЦЗУЩТ	0	1	0	0	1	2	0	0	3	0	0	1	0	0	1	0	1	0	2	11	9	0	0.5	0	0	0.0909090909090909	0.181818181818182	0	0	0.272727272727273	0	0	0.111111111111111	0	0	0.111111111111111	0	0.111111111111111	0	2019-10-10 16:11:48.221+03	2019-10-10 16:11:48.221+03
6187	F1-24	FZL	1	2	ОФХДСДХЦЗУЩТЖЭЯГЯМИЛЕРЕЛИМЭЖЩУЗЦФОЫОФХКЛИМЭЯЦФОЫОФХДСШРШСДХЦЗУЩЖЭМОЫОФХКИМЭЯЗУЩТ	0	0	0	0	0	0	0	0	2	0	0	1	0	0	2	0	1	0	2	11	9	0	0	0	0	0	0	0	0	0.181818181818182	0	0	0.111111111111111	0	0	0.222222222222222	0	0.111111111111111	0	2019-10-10 16:11:48.247+03	2019-10-10 16:11:48.247+03
6188	F1-24	FZL	1	3	ОФЦГЗУЩУЗЦХДСШР	0	1	0	0	0	1	0	0	0	0	0	1	0	0	0	0	0	0	2	11	9	0	0.5	0	0	0	0.0909090909090909	0	0	0	0	0	0.111111111111111	0	0	0	0	0	0	2019-10-10 16:11:48.27+03	2019-10-10 16:11:48.27+03
6189	F1-24	FZL	1	4	ОФЦЗУЩЖЭМИЛКИКДСШРШСДХЦЗУЩУЗГЦФХДСДАХЦГЯЭМИЛБЕРШСШСДХДСДХФЦЯЭКОЕЦОЫТОГОВРЕМЕИЖЩТ	0	0	0	0	0	0	0	0	2	0	0	1	0	0	0	0	0	0	2	11	9	0	0	0	0	0	0	0	0	0.181818181818182	0	0	0.111111111111111	0	0	0	0	0	0	2019-10-10 16:11:48.294+03	2019-10-10 16:11:48.294+03
6435	F1-24	FZLP	1	1	ОФЦГЯМЭЖТЖВЭЯГЦХДСШРЕБЛИОЫОФЦХЦФИЛЕР	0	1	0	0	0	2	0	0	1	0	0	1	0	0	0	0	0	1	3	6	10	0	0.333333333333333	0	0	0	0.333333333333333	0	0	0.166666666666667	0	0	0.1	0	0	0	0	0	0.1	2019-10-10 16:11:59.997+03	2019-10-10 16:11:59.997+03
6436	F1-24	FZLP	1	2	ОФЦГЯЭЖТЖЭЯГЗУЩТЩУЗГЦХКЛБЛИМЯГЯМЭМЯЦФОЫОИКАДСШРШСДАХЦЗУЩТ	0	1	1	0	0	1	0	0	1	0	0	1	0	0	2	1	0	0	3	6	10	0	0.333333333333333	0.333333333333333	0	0	0.166666666666667	0	0	0.166666666666667	0	0	0.1	0	0	0.2	0.1	0	0	2019-10-10 16:12:00.025+03	2019-10-10 16:12:00.025+03
6437	F1-24	FZLP	1	3	ОФХФЦГЯЭЯГЦФИКАХЦГЯЭЖТЖЭЯМИЛЕЛКДСШРЕЛИМЭЖТ	0	0	0	0	0	0	0	0	1	0	0	1	1	0	0	1	0	0	3	6	10	0	0	0	0	0	0	0	0	0.166666666666667	0	0	0.1	0.1	0	0	0.1	0	0	2019-10-10 16:12:00.049+03	2019-10-10 16:12:00.049+03
6438	F1-24	FZLP	1	4	ОМЭЖТЖЭЯГЯМФЦГЦЗУЩТКОЕЦОЫТОГОВРЕМЕИЖЭМИЛЕШСШР	0	0	0	0	0	0	0	0	0	0	0	0	0	0	1	0	0	0	3	6	10	0	0	0	0	0	0	0	0	0	0	0	0	0	0	0.1	0	0	0	2019-10-10 16:12:00.072+03	2019-10-10 16:12:00.072+03
6621	F1-24	FZP	1	1	ОФЦГЯЭЯГЦХАДСШРЕЛИМЭЖТЩУЩТЖЭЯЗУЩТЖЭМОЫОФХКЛЕРЕЛКДСШРЕЛИМЭЖТЖЭМИКХЦГЯМИЛЕР	0	1	0	0	0	1	0	0	1	0	1	2	2	0	1	0	1	0	6	17	13	0	0.166666666666667	0	0	0	0.0588235294117647	0	0	0.0588235294117647	0	0.0769230769230769	0.153846153846154	0.153846153846154	0	0.0769230769230769	0	0.0769230769230769	0	2019-10-10 16:12:08.176+03	2019-10-10 16:12:08.176+03
6622	F1-24	FZP	1	2	ОИКАХЦГЯГЗУЩТЖЭМФХАДСШР	0	0	1	0	0	0	0	0	1	0	0	1	0	0	1	0	0	0	6	17	13	0	0	0.166666666666667	0	0	0	0	0	0.0588235294117647	0	0	0.0769230769230769	0	0	0.0769230769230769	0	0	0	2019-10-10 16:12:08.206+03	2019-10-10 16:12:08.206+03
6623	F1-24	FZP	1	3	ОФЦГЯЗУЩУЗЦХФОЫОФЦГЗЦХДСШР	0	2	0	0	0	2	0	0	0	0	0	1	0	0	0	0	0	0	6	17	13	0	0.333333333333333	0	0	0	0.117647058823529	0	0	0	0	0	0.0769230769230769	0	0	0	0	0	0	2019-10-10 16:12:08.241+03	2019-10-10 16:12:08.241+03
6624	F1-24	FZP	1	4	ОФЦЗУЩТЩУЗЦХАКИКАХЦГЗУЩТ	0	0	0	0	0	1	0	0	1	0	0	0	0	0	2	0	0	0	6	17	13	0	0	0	0	0	0.0588235294117647	0	0	0.0588235294117647	0	0	0	0	0	0.153846153846154	0	0	0	2019-10-10 16:12:08.274+03	2019-10-10 16:12:08.274+03
6625	F1-24	FZP	1	5	ОФЦГЯМФХАКИМЭВЖТЖЩУЗГЦФОФЦГЗУЗЦФХДСШСДХЦГЗУЩТЩУЗЦХЦЗЦХАКДХФОЫОИЛБЕРШР	0	2	0	0	0	2	1	0	2	0	0	0	0	0	1	0	0	0	6	17	13	0	0.333333333333333	0	0	0	0.117647058823529	0.0588235294117647	0	0.117647058823529	0	0	0	0	0	0.0769230769230769	0	0	0	2019-10-10 16:12:08.309+03	2019-10-10 16:12:08.309+03
6626	F1-24	FZP	1	6	ОФХДАХЦГЦХАКОЕЦОЫТОГОВРЕМЕИДАХЦГЯМИКАКХФЦГЦХАКЛИМЯГЯГЯЦФОЫОМЭЖТ	0	0	0	0	1	2	0	0	2	0	0	0	0	0	0	0	0	0	6	17	13	0	0	0	0	0.0588235294117647	0.117647058823529	0	0	0.117647058823529	0	0	0	0	0	0	0	0	0	2019-10-10 16:12:08.342+03	2019-10-10 16:12:08.342+03
6772	F1-24	G	1	1	ОФЦГЯЭЖТЖЭЯЗГЦХДСШРЕШСДАХАКЛЕРЕЛКДХЦЯМФЦЗУЩТЖЭЯГЦХДСШРШСДХЦЯМЭЯГЗУЩТ	0	1	0	0	0	2	0	0	2	0	1	2	0	0	2	1	0	0	3	8	9	0	0.333333333333333	0	0	0	0.25	0	0	0.25	0	0.111111111111111	0.222222222222222	0	0	0.222222222222222	0.111111111111111	0	0	2019-10-10 16:12:14.113+03	2019-10-10 16:12:14.113+03
6773	F1-24	G	1	2	ОФХКИМЯЦХДАХФХКЛИМЭЖТЩУЗЦЗУЩТЩУЗЦФОЫОФХАДСШРШСДХАХЦГЯЭМИЛИКДХФКОЕЦОЫТОГОВРЕМЕИОЫОФЦГЯМИКДКЛБЕР	0	1	0	1	1	1	0	1	1	0	0	1	1	0	1	0	0	0	3	8	9	0	0.333333333333333	0	0.333333333333333	0.125	0.125	0	0.125	0.125	0	0	0.111111111111111	0.111111111111111	0	0.111111111111111	0	0	0	2019-10-10 16:12:14.142+03	2019-10-10 16:12:14.142+03
6962	F1-24	GH	1	1	ОФЦФОЫОИКЛЕЛИМЯГЯЭЖТЖЭМИЛИФХАКИОЫОФЦГЗУЩТЩУЗГЯМИЛЕРШСШРЕЛИМЭЖТЖЭЯМИКАКИФЦЗУЩТЖВЭМИЛИМЯГЯМИКДСШСДХФИОЫОМЯЗУЩТ	0	1	0	0	2	0	0	0	0	1	0	0	1	0	3	1	1	0	2	3	7	0	0.5	0	0	0.666666666666667	0	0	0	0	0.333333333333333	0	0	0.142857142857143	0	0.428571428571429	0.142857142857143	0.142857142857143	0	2019-10-10 16:12:20.96+03	2019-10-10 16:12:20.96+03
6963	F1-24	GH	1	2	ОФЦГЦФОЫОИКДСШР	0	1	0	0	0	0	0	0	0	0	0	1	0	0	0	0	0	0	2	3	7	0	0.5	0	0	0	0	0	0	0	0	0	0.142857142857143	0	0	0	0	0	0	2019-10-10 16:12:20.981+03	2019-10-10 16:12:20.981+03
7128	F1-24	GS	1	1	ОФХКЛКИОЫОИКАХФОЫОФЦГЯЭЯГЦХАДСШСДХЦЗУЩТЖЭМФЦЗУЩТЩУЗГЦХАКЛЕРЕЛКХФОЫОФЦЗУЩТЩУЗЦХАХФОЫОФЦЯМЭЯГЗУЩТ	0	1	1	0	0	3	0	0	1	0	1	0	0	0	4	0	0	0	2	11	13	0	0.5	0.5	0	0	0.272727272727273	0	0	0.0909090909090909	0	0.0769230769230769	0	0	0	0.307692307692308	0	0	0	2019-10-10 16:12:28.791+03	2019-10-10 16:12:28.791+03
7129	F1-24	GS	1	2	ОФЦЗУЩТЖЭЯЦХДСШРШСДХЦЗУЩТЩУЗЦХАХФОЫОФЦЯМИЛЕРШСДАДСШЕЛИОЫОФЦЯЭЯГЯМИКАКИОЫОФЦЗУЩТЖЭЯГЯМИКИКЛКХЦЗУЩТ	0	0	0	0	2	2	0	0	2	0	0	1	0	0	4	0	1	0	2	11	13	0	0	0	0	0.181818181818182	0.181818181818182	0	0	0.181818181818182	0	0	0.0769230769230769	0	0	0.307692307692308	0	0.0769230769230769	0	2019-10-10 16:12:28.819+03	2019-10-10 16:12:28.819+03
7130	F1-24	GS	1	3	ОФХФОЫОИЛЕРШСДХЦФЦЗУЩУЗГЗУЩТЖВЭМИОЫОФЦЯМОЫОФЦЯЭМЭЖТЖВЭЯЗУЩЖЩУЗЦФЦЗУЩТ	0	0	0	0	0	0	0	0	1	0	0	0	0	0	2	0	0	0	2	11	13	0	0	0	0	0	0	0	0	0.0909090909090909	0	0	0	0	0	0.153846153846154	0	0	0	2019-10-10 16:12:28.853+03	2019-10-10 16:12:28.853+03
7321	F1-24	H	1	1	ОФХАКЛБЛКХЦЗУЩТЖЭЯЦХДСШРШРЕЛИОЫОФЦЗУЩТ	0	0	0	1	0	1	0	0	1	0	0	1	0	0	2	0	0	0	2	7	10	0	0	0	0.5	0	0.142857142857143	0	0	0.142857142857143	0	0	0.1	0	0	0.2	0	0	0	2019-10-10 16:12:35.716+03	2019-10-10 16:12:35.716+03
7322	F1-24	H	1	2	ОФХДСШСДХФИКХЦЗУЩТЖВЭЯГЦХДСШР	0	0	0	0	0	1	0	0	1	0	0	1	0	0	1	0	0	0	2	7	10	0	0	0	0	0	0.142857142857143	0	0	0.142857142857143	0	0	0.1	0	0	0.1	0	0	0	2019-10-10 16:12:35.746+03	2019-10-10 16:12:35.746+03
7323	F1-24	H	1	3	ОФЦЯЭМИКАХФОЫОМЯГЯГЦХДСШР	1	0	0	0	0	1	0	0	0	0	0	1	0	0	0	0	0	0	2	7	10	0.5	0	0	0	0	0.142857142857143	0	0	0	0	0	0.1	0	0	0	0	0	0	2019-10-10 16:12:35.78+03	2019-10-10 16:12:35.78+03
7324	F1-24	H	1	4	ОФЦЯЭЖТ	0	0	0	0	0	0	0	0	0	0	0	0	0	0	0	1	0	0	2	7	10	0	0	0	0	0	0	0	0	0	0	0	0	0	0	0	0.1	0	0	2019-10-10 16:12:35.814+03	2019-10-10 16:12:35.814+03
7325	F1-24	H	1	5	ОФЦЗУЩТЩУЩУЗЦХДСШРЕЛКИМЭЖЭЯГЯМФОЫОФХКЛИМЭЖТЖЩУЗГЦХФИЛБЕР	0	0	0	0	0	2	0	0	0	0	0	1	1	0	1	0	0	0	2	7	10	0	0	0	0	0	0.285714285714286	0	0	0	0	0	0.1	0.1	0	0.1	0	0	0	2019-10-10 16:12:35.848+03	2019-10-10 16:12:35.848+03
7390	F1-24	S	1	1	ОФХДКЛЕР	0	0	0	0	0	0	0	0	0	0	1	0	0	0	0	0	0	0	4	9	8	0	0	0	0	0	0	0	0	0	0	0.125	0	0	0	0	0	0	0	2019-10-10 16:12:38.765+03	2019-10-10 16:12:38.765+03
7391	F1-24	S	1	2	ОФЦГЦЗУЩТ	0	1	0	0	0	0	0	0	0	0	0	0	0	0	1	0	0	0	4	9	8	0	0.25	0	0	0	0	0	0	0	0	0	0	0	0	0.125	0	0	0	2019-10-10 16:12:38.791+03	2019-10-10 16:12:38.791+03
7392	F1-24	S	1	3	ОФЦГЗУЩТЩУЗЦХАДСШРШСДАХЦГЯМОЫОФХКЛЕРЕБЛИМЭВЭЯГЦХЦФОЫОИКАКХФОЫОИЛЕР	0	1	1	0	0	2	0	0	2	0	1	1	0	0	1	0	0	0	4	9	8	0	0.25	0.25	0	0	0.222222222222222	0	0	0.222222222222222	0	0.125	0.125	0	0	0.125	0	0	0	2019-10-10 16:12:38.827+03	2019-10-10 16:12:38.827+03
7393	F1-24	S	1	4	ОФЦГЦХАДСШРШСДАХЦГЗУЩТЖЭЯМЯЭМИКХФЦХКИМЯМЯГЯЦХАДСШР	0	1	0	0	0	3	0	1	1	0	0	2	0	0	1	0	0	0	4	9	8	0	0.25	0	0	0	0.333333333333333	0	0.111111111111111	0.111111111111111	0	0	0.25	0	0	0.125	0	0	0	2019-10-10 16:12:38.859+03	2019-10-10 16:12:38.859+03
7532	F1-24	SH	1	1	ОФЦГЯЭЖТЖЭМИЛКХФОЫОФЦГЗУЩТ	0	2	0	0	0	0	0	0	0	0	0	0	0	0	1	1	0	0	2	7	11	0	1	0	0	0	0	0	0	0	0	0	0	0	0	0.0909090909090909	0.0909090909090909	0	0	2019-10-10 16:12:45.138+03	2019-10-10 16:12:45.138+03
7533	F1-24	SH	1	2	ОФХДСШРЕЛИФЦГЯМЯГЦХДСШЕЛИМЭЯГЦФЦХКЛЕРЕЛИМЭЖТ	0	0	0	0	0	2	0	0	0	0	1	1	1	0	0	0	0	0	2	7	11	0	0	0	0	0	0.285714285714286	0	0	0	0	0.0909090909090909	0.0909090909090909	0.0909090909090909	0	0	0	0	0	2019-10-10 16:12:45.181+03	2019-10-10 16:12:45.181+03
7534	F1-24	SH	1	3	ОФХКЛЕРШСДАКИМЯГЦХАКИМЯЭЯМИЛЕР	0	0	0	0	0	1	0	2	0	0	1	0	0	0	0	0	1	0	2	7	11	0	0	0	0	0	0.142857142857143	0	0.285714285714286	0	0	0.0909090909090909	0	0	0	0	0	0.0909090909090909	0	2019-10-10 16:12:45.222+03	2019-10-10 16:12:45.222+03
7535	F1-24	SH	1	4	ОФХДСШСДКЛЕЛКАКИМЯЗУЩТЩУЗЦФИКАКХЦЯЭМИЛЕРЕЛИМЯЭЖТЩУКОЕЦОЫТОГОВРЕМЕИУЩТЖЭЯГЯМИЛКАДСШРШСДХФОЫОФХ	0	0	0	0	0	0	0	1	1	0	0	1	0	0	1	1	1	0	2	7	11	0	0	0	0	0	0	0	0.142857142857143	0.142857142857143	0	0	0.0909090909090909	0	0	0.0909090909090909	0.0909090909090909	0.0909090909090909	0	2019-10-10 16:12:45.261+03	2019-10-10 16:12:45.261+03
7707	F1-24	Z	1	1	ОФЦЗУЩТЩУЗЦФОЫОФХАКЛЕРШСДХКИМЯЦФЦЯЭЖТЩУЗЦХДАКИМЭЯМИЛЕБЕРЕЛКДСШР	0	0	0	1	0	1	0	1	0	0	1	1	0	0	1	1	0	0	3	13	11	0	0	0	0.333333333333333	0	0.0769230769230769	0	0.0769230769230769	0	0	0.0909090909090909	0.0909090909090909	0	0	0.0909090909090909	0.0909090909090909	0	0	2019-10-10 16:12:53.659+03	2019-10-10 16:12:53.659+03
7708	F1-24	Z	1	2	ОФЦЯМЯГЯМИЛБЛКАХЦЗУЩТ	0	0	0	0	0	0	0	0	1	0	0	0	0	0	1	0	0	0	3	13	11	0	0	0	0	0	0	0	0	0.0769230769230769	0	0	0	0	0	0.0909090909090909	0	0	0	2019-10-10 16:12:53.684+03	2019-10-10 16:12:53.684+03
7709	F1-24	Z	1	3	ОФЦЗУЩТЩУЗГЯЭМИКАДХЦЗГЗУЗЦФХКИМЯГЗУЩТЩУЗЦХАКЛЕРШР	0	0	0	0	0	1	0	1	1	0	1	0	0	0	2	0	0	0	3	13	11	0	0	0	0	0	0.0769230769230769	0	0.0769230769230769	0.0769230769230769	0	0.0909090909090909	0	0	0	0.181818181818182	0	0	0	2019-10-10 16:12:53.731+03	2019-10-10 16:12:53.731+03
7710	F1-24	Z	1	4	ОФЦГЯЭМИКДХЦГЗУЩТ	0	1	0	0	0	0	0	0	1	0	0	0	0	0	1	0	0	0	3	13	11	0	0.333333333333333	0	0	0	0	0	0	0.0769230769230769	0	0	0	0	0	0.0909090909090909	0	0	0	2019-10-10 16:12:53.762+03	2019-10-10 16:12:53.762+03
7711	F1-24	Z	1	5	ОМЯГЦХЦЯМЯГЯЭВЖТЩУЗЦХКЛБЕРШСДХЦЗЯЭМИКОЕЦОЫТОГОВРЕМЕИАКИОЫОФЦЗУЩТЩУЗЦХАКЛКИМЭМИМЭВЖТЩУЗГЦХКЛЕР	1	0	0	0	0	4	0	0	2	0	1	0	0	0	1	0	0	0	3	13	11	0.333333333333333	0	0	0	0	0.307692307692308	0	0	0.153846153846154	0	0.0909090909090909	0	0	0	0.0909090909090909	0	0	0	2019-10-10 16:12:53.802+03	2019-10-10 16:12:53.802+03
7774	F1-24	ZH	1	1	ОФХФОЫОФЦЯМОЫОФЦЗУЩТЖЭЯГЦХДСШРШСДХЦЯМЭЯЗГЗУЩТЩУЗЦФОЫОЫОФХКЛЕШСДХЦЯМОЫОИЛИОЫОМЭЯЗУЩУЗЦФОЫОФХКИМЭЯМЯЦФХКЛЕР	0	0	0	0	0	1	0	0	2	0	1	1	0	0	2	0	0	0	1	7	7	0	0	0	0	0	0.142857142857143	0	0	0.285714285714286	0	0.142857142857143	0.142857142857143	0	0	0.285714285714286	0	0	0	2019-10-10 16:12:58.855+03	2019-10-10 16:12:58.855+03
7775	F1-24	ZH	1	2	ОФЦЗУЩЖЭЯГЦХДАКИКАХЦЯЦФХКЛЕШСДАХФОЫОФЦЯМЯЭЯМФОЫОИЛЕР	0	0	0	0	0	1	0	0	1	0	0	0	0	0	0	0	0	0	1	7	7	0	0	0	0	0	0.142857142857143	0	0	0.142857142857143	0	0	0	0	0	0	0	0	0	2019-10-10 16:12:58.882+03	2019-10-10 16:12:58.882+03
7776	F1-24	ZH	1	3	ОФЦГЗУЩТЩЖЭЯЗУЗЦХАКИМЭЖТЖВЖТЖЭЯГЦФОЫОФЦЗЦХКЛБЛИКАХФИКАКХФМЭЖЭЯМЯЦЯМЯЭЯЗУЩТ	0	1	0	0	0	2	0	0	0	0	0	0	1	0	2	0	0	0	1	7	7	0	1	0	0	0	0.285714285714286	0	0	0	0	0	0	0.142857142857143	0	0.285714285714286	0	0	0	2019-10-10 16:12:58.959+03	2019-10-10 16:12:58.959+03
17267	I-hpc	FLP	1	1	ОМЯГЯМИКАКЛЕРШСДАДСШР	1	0	0	0	1	0	0	0	0	0	1	1	0	0	0	0	0	0	2	6	8	0.5	0	0	0	0.166666666666667	0	0	0	0	0	0.125	0.125	0	0	0	0	0	0	2019-10-10 22:00:07.714+03	2019-10-10 22:00:07.714+03
17268	I-hpc	FLP	1	2	ОМЯГЗУЩТЩУЗГЗУЩУЗГЯМИЛИОЫОМЯЭЯГЗУЩЖЭМИКЛЕШСДАДСШР	1	0	0	0	0	0	0	0	0	0	0	1	0	0	1	0	0	0	2	6	8	0.5	0	0	0	0	0	0	0	0	0	0	0.125	0	0	0.125	0	0	0	2019-10-10 22:00:07.739+03	2019-10-10 22:00:07.739+03
17269	I-hpc	FLP	1	3	ОМЭЖТЩУЗГЗУЩЖЭМФЦЗУЗГЦХАХЦФОЫОФХКДСШЕЛКЛБЕР	0	0	0	0	0	1	0	0	1	0	0	0	0	0	0	0	0	0	2	6	8	0	0	0	0	0	0.166666666666667	0	0	0.166666666666667	0	0	0	0	0	0	0	0	0	2019-10-10 22:00:07.81+03	2019-10-10 22:00:07.81+03
17270	I-hpc	FLP	1	4	ОФЦЗУЩТЩУЗЦХДСДХЦГЯМИЛЕР	0	0	0	0	0	1	0	0	1	0	0	0	0	0	1	0	1	0	2	6	8	0	0	0	0	0	0.166666666666667	0	0	0.166666666666667	0	0	0	0	0	0.125	0	0.125	0	2019-10-10 22:00:07.845+03	2019-10-10 22:00:07.845+03
17271	I-hpc	FLP	1	5	ОМЯЗУЩТЩУЗЦХАКИМИКАКЛЕР	0	0	0	0	0	1	0	0	0	0	1	0	0	0	1	0	0	0	2	6	8	0	0	0	0	0	0.166666666666667	0	0	0	0	0.125	0	0	0	0.125	0	0	0	2019-10-10 22:00:07.904+03	2019-10-10 22:00:07.904+03
17491	I-hpc	FPZ	1	1	ОМЯГЗУЗГЗЯМОЫОИКЛЕРШСДАДАКИМЯГЗУЩТ	1	0	0	0	0	0	0	1	0	0	1	0	0	0	1	0	0	0	2	5	7	0.5	0	0	0	0	0	0	0.2	0	0	0.142857142857143	0	0	0	0.142857142857143	0	0	0	2019-10-10 22:00:17.9+03	2019-10-10 22:00:17.9+03
17492	I-hpc	FPZ	1	2	ОМЯГЦХАКЛЕРШСДАХЦЗУЩТЖЩУЗГЦФХКИМЯГЦХДСШР	1	0	0	0	0	2	0	1	1	0	1	1	0	0	1	0	0	0	2	5	7	0.5	0	0	0	0	0.4	0	0.2	0.2	0	0.142857142857143	0.142857142857143	0	0	0.142857142857143	0	0	0	2019-10-10 22:00:17.95+03	2019-10-10 22:00:17.95+03
17493	I-hpc	FPZ	1	3	ОФХДСШР	0	0	0	0	0	0	0	0	0	0	0	1	0	0	0	0	0	0	2	5	7	0	0	0	0	0	0	0	0	0	0	0	0.142857142857143	0	0	0	0	0	0	2019-10-10 22:00:18.009+03	2019-10-10 22:00:18.009+03
17494	I-hpc	FPZ	1	4	ОМЯЗУЩТ	0	0	0	0	0	0	0	0	0	0	0	0	0	0	1	0	0	0	2	5	7	0	0	0	0	0	0	0	0	0	0	0	0	0	0	0.142857142857143	0	0	0	2019-10-10 22:00:18.201+03	2019-10-10 22:00:18.201+03
17676	I-hpc	FZLP	1	1	ОИЛЕРЕЛКАКИМЯГЗУЩТЖЭМИКАДКЛЕРШСДАКИОЫОМЯЗУЩЖЭМИКИМЯГЯМИЛИМИОЫОМЯГЯМИКДСШСШР	1	0	0	0	1	0	0	2	0	0	1	0	0	0	1	0	0	0	3	9	5	0.333333333333333	0	0	0	0.111111111111111	0	0	0.222222222222222	0	0	0.2	0	0	0	0.2	0	0	0	2019-10-10 22:00:33.526+03	2019-10-10 22:00:33.526+03
17677	I-hpc	FZLP	1	2	ОИЛЕРШСШЕЛИМЭЯЦХКИМЯЦФХАХЦЗУЩТЖЭЯГЯГЗУЗЦХАДСШР	0	0	0	0	0	2	0	1	1	0	0	1	0	0	1	0	0	0	3	9	5	0	0	0	0	0	0.222222222222222	0	0.111111111111111	0.111111111111111	0	0	0.2	0	0	0.2	0	0	0	2019-10-10 22:00:33.571+03	2019-10-10 22:00:33.571+03
17678	I-hpc	FZLP	1	3	ОФЦГЗЦХАХАДСДХФОЫОФЦГЯМФХАКЛИМЭЯГЗУЩТ	0	2	0	0	0	1	1	0	0	0	0	0	0	0	1	0	0	0	3	9	5	0	0.666666666666667	0	0	0	0.111111111111111	0.111111111111111	0	0	0	0	0	0	0	0.2	0	0	0	2019-10-10 22:00:33.597+03	2019-10-10 22:00:33.597+03
17894	I-hpc	N	1	1	ОИЛЕШСДАКИМЯГЯЭЖЩУЗГЯМИКАКАКЛЕРШЕЛИМЭЖТЖЭМИЛКАКИМЯГЗУЩТЖЭМИЛЕР	0	0	0	0	1	0	0	2	0	0	1	0	1	0	1	0	1	0	3	16	9	0	0	0	0	0.0625	0	0	0.125	0	0	0.111111111111111	0	0.111111111111111	0	0.111111111111111	0	0.111111111111111	0	2019-10-10 22:00:52.224+03	2019-10-10 22:00:52.224+03
17895	I-hpc	N	1	2	ОФЦГЯГЦХАХДСШРЕЛИМЯГЦХДХЦФОЫОФЦЗУЩТ	0	1	0	0	0	2	0	0	1	0	0	1	0	0	1	0	0	0	3	16	9	0	0.333333333333333	0	0	0	0.125	0	0	0.0625	0	0	0.111111111111111	0	0	0.111111111111111	0	0	0	2019-10-10 22:00:52.261+03	2019-10-10 22:00:52.261+03
17896	I-hpc	N	1	3	ОФХАДСДАКЛБЛИМЯЦХАХЦЗУЩУЗГЦХЦЗУЩЖЭЯГЦХАХЦФОЫОФХКИМЭЖТ	0	0	0	1	0	3	0	0	3	0	0	0	1	0	0	0	0	0	3	16	9	0	0	0	0.333333333333333	0	0.1875	0	0	0.1875	0	0	0	0.111111111111111	0	0	0	0	0	2019-10-10 22:00:52.282+03	2019-10-10 22:00:52.282+03
17897	I-hpc	N	1	4	ОФЦГЗУЩУЗГЯМИЛБЛИКАДАХЦФОЫОФЦЗУЩТЩУЩУЗГЦХДХЦЗУЗГЦХАХДСШР	0	1	0	0	0	2	0	0	2	0	0	1	0	0	1	0	0	0	3	16	9	0	0.333333333333333	0	0	0	0.125	0	0	0.125	0	0	0.111111111111111	0	0	0.111111111111111	0	0	0	2019-10-10 22:00:52.305+03	2019-10-10 22:00:52.305+03
18013	I-hpc	S	1	1	ОМЯГЯЭЖТЩУЩТЖЭМИОЫОИКАКИМЯГЗУЩТ	1	0	1	0	0	0	0	1	0	0	0	0	0	0	1	1	0	0	5	6	9	0.2	0	0.2	0	0	0	0	0.166666666666667	0	0	0	0	0	0	0.111111111111111	0.111111111111111	0	0	2019-10-10 22:00:58.592+03	2019-10-10 22:00:58.592+03
18014	I-hpc	S	1	2	ОМЯГЯЗУЩТЩУЗГЯМИКДСШРШСДАДАКИКДСШР	1	0	0	0	1	0	0	0	0	0	0	2	0	0	1	0	0	0	5	6	9	0.2	0	0	0	0.166666666666667	0	0	0	0	0	0	0.222222222222222	0	0	0.111111111111111	0	0	0	2019-10-10 22:00:58.938+03	2019-10-10 22:00:58.938+03
18015	I-hpc	S	1	3	ОФХАХЦГЗУЩТЖЭМИКАДСШРЕЛИМЯГЦХАДКЛИОЫОФЦХЦГЗУЩТ	0	0	0	1	0	2	0	0	2	0	0	1	0	0	2	0	0	0	5	6	9	0	0	0	0.2	0	0.333333333333333	0	0	0.333333333333333	0	0	0.111111111111111	0	0	0.222222222222222	0	0	0	2019-10-10 22:00:58.978+03	2019-10-10 22:00:58.978+03
18016	I-hpc	S	1	4	ОИЛЕРЕЛИКИЛИМЯГЯМЭМОЫОФХАКЛЕР	0	0	0	1	0	0	0	0	0	0	1	0	0	0	0	0	0	0	5	6	9	0	0	0	0.2	0	0	0	0	0	0	0.111111111111111	0	0	0	0	0	0	0	2019-10-10 22:00:59.012+03	2019-10-10 22:00:59.012+03
